{
  "accessors": [
    {
      "bufferView": 2,
      "componentType": 5126,
      "count": 65532,
      "max": [
        9.301118850708008,
        9.090669631958008,
        5.5800461769104
      ],
      "min": [
        -7.403596878051758,
        -6.5175042152404785,
        -7.781157493591309
      ],
      "type": "VEC3"
    },
    {
      "bufferView": 2,
      "byteOffset": 786384,
      "componentType": 5126,
      "count": 65532,
      "max": [
        0.9999431371688843,
        0.9999197721481323,
        0.9999991655349731
      ],
      "min": [
        -0.999957799911499,
        -0.9999935626983643,
        -0.9999938011169434
      ],
      "type": "VEC3"
    },
    {
      "bufferView": 3,
      "componentType": 5126,
      "count": 65532,
      "max": [
        0.9830772280693054,
        0.9982837438583374,
        0.9996639490127563,
        1.0
      ],
      "min": [
        -0.9999991059303284,
        -0.9999957084655762,
        -0.9999805092811584,
        -1.0
      ],
      "type": "VEC4"
    },
    {
      "bufferView": 1,
      "componentType": 5126,
      "count": 65532,
      "max": [
        0.999267578125,
        0.9992592334747314
      ],
      "min": [
        0.000732421875,
        0.0007407665252685547
      ],
      "type": "VEC2"
    },
    {
      "bufferView": 1,
      "byteOffset": 524256,
      "componentType": 5126,
      "count": 65532,
      "max": [
        0.999267578125,
        0.9992592334747314
      ],
      "min": [
        0.000732421875,
        0.0007407665252685547
      ],
      "type": "VEC2"
    },
    {
      "bufferView": 0,
      "componentType": 5125,
      "count": 358740,
      "type": "SCALAR"
    },
    {
      "bufferView": 2,
      "byteOffset": 1572768,
      "componentType": 5126,
      "count": 8885,
      "max": [
        8.8858003616333,
        8.15825080871582,
        4.4032182693481445
      ],
      "min": [
        0.7769261002540588,
        1.6625306606292725,
        -7.516534328460693
      ],
      "type": "VEC3"
    },
    {
      "bufferView": 2,
      "byteOffset": 1679388,
      "componentType": 5126,
      "count": 8885,
      "max": [
        0.9981003403663635,
        0.9991065263748169,
        0.9999991059303284
      ],
      "min": [
        -0.9657885432243347,
        -0.9852124452590942,
        -0.9940568804740906
      ],
      "type": "VEC3"
    },
    {
      "bufferView": 3,
      "byteOffset": 1048512,
      "componentType": 5126,
      "count": 8885,
      "max": [
        0.9996740221977234,
        0.9987601637840271,
        0.9897720217704773,
        1.0
      ],
      "min": [
        -0.9994512796401978,
        -0.9999993443489075,
        -0.9977023601531982,
        -1.0
      ],
      "type": "VEC4"
    },
    {
      "bufferView": 1,
      "byteOffset": 1048512,
      "componentType": 5126,
      "count": 8885,
      "max": [
        0.999267578125,
        0.9900000095367432
      ],
      "min": [
        0.026612671092152596,
        0.14617282152175903
      ],
      "type": "VEC2"
    },
    {
      "bufferView": 1,
      "byteOffset": 1119592,
      "componentType": 5126,
      "count": 8885,
      "max": [
        0.999267578125,
        0.9900000095367432
      ],
      "min": [
        0.026612671092152596,
        0.14617282152175903
      ],
      "type": "VEC2"
    },
    {
      "bufferView": 0,
      "byteOffset": 1434960,
      "componentType": 5125,
      "count": 44820,
      "type": "SCALAR"
    }
  ],
  "asset": {
    "extras": {
      "author": "ououn (https://sketchfab.com/ououn)",
      "license": "CC-BY-4.0 (http://creativecommons.org/licenses/by/4.0/)",
      "source": "https://sketchfab.com/3d-models/owl-2b-dfa20b772525425694ccbb39f74f8b57",
      "title": "Owl 2b"
    },
    "generator": "Sketchfab-12.68.0",
    "version": "2.0"
  },
  "bufferViews": [
    {
      "buffer": 0,
      "byteLength": 1614240,
      "name": "floatBufferViews",
      "target": 34963
    },
    {
      "buffer": 0,
      "byteLength": 1190672,
      "byteOffset": 1614240,
      "byteStride": 8,
      "name": "floatBufferViews",
      "target": 34962
    },
    {
      "buffer": 0,
      "byteLength": 1786008,
      "byteOffset": 2804912,
      "byteStride": 12,
      "name": "floatBufferViews",
      "target": 34962
    },
    {
      "buffer": 0,
      "byteLength": 1190672,
      "byteOffset": 4590920,
      "byteStride": 16,
      "name": "floatBufferViews",
      "target": 34962
    }
  ],
  "buffers": [
    {
      "byteLength": 5781592,
      "uri": "scene.bin"
    }
  ],
  "images": [
    {
      "uri": "textures/Material_0_baseColor.jpeg"
    },
    {
      "uri": "textures/Material_0_normal.png"
    }
  ],
  "materials": [
    {
      "doubleSided": true,
      "name": "Material_0",
      "normalTexture": {
        "index": 1,
        "texCoord": 1
      },
      "pbrMetallicRoughness": {
        "baseColorTexture": {
          "index": 0
        },
        "metallicFactor": 0.0
      }
    }
  ],
  "meshes": [
    {
      "name": "mainMeshNode_Material_0_0",
      "primitives": [
        {
          "attributes": {
            "NORMAL": 1,
            "POSITION": 0,
            "TANGENT": 2,
            "TEXCOORD_0": 3,
            "TEXCOORD_1": 4
          },
          "indices": 5,
          "material": 0,
          "mode": 4
        }
      ]
    },
    {
      "name": "mainMeshNode_Material_0_0",
      "primitives": [
        {
          "attributes": {
            "NORMAL": 7,
            "POSITION": 6,
            "TANGENT": 8,
            "TEXCOORD_0": 9,
            "TEXCOORD_1": 10
          },
          "indices": 11,
          "material": 0,
          "mode": 4
        }
      ]
    }
  ],
  "nodes": [
    {
      "children": [
        1
      ],
      "matrix": [
        1.1102230246251565e-16,
        -1.6653345369377348e-16,
        -1.0,
        0.0,
        -1.6653345369377348e-16,
        -1.0,
        2.220446049250313e-16,
        0.0,
        -1.0,
        1.110223024625157e-16,
        -1.6653345369377346e-16,
        0.0,
        2.2353436946868896,
        2.3871383666992188,
        -0.15179467201232857,
        1.0
      ],
      "name": "Sketchfab_model"
    },
    {
      "children": [
        2
      ],
      "matrix": [
        1.0,
        0.0,
        0.0,
        0.0,
        0.0,
        0.0,
        1.0,
        0.0,
        0.0,
        -1.0,
        0.0,
        0.0,
        0.0,
        0.0,
        0.0,
        1.0
      ],
      "name": "c57a7fbbb6714fa5a31ab1e46fe6d177.fbx"
    },
    {
      "children": [
        3,
        5,
        7,
        9,
        11,
        13,
        15,
        17,
        19,
        21,
        23,
        25,
        27,
        29,
        31,
        33,
        35,
        37,
        39,
        41,
        43,
        45,
        47,
        49,
        51,
        53,
        55,
        57,
        59,
        61,
        63,
        65,
        67,
        69,
        71,
        73,
        75,
        77,
        79,
        81,
        83,
        85,
        87,
        89,
        91,
        93,
        95,
        97,
        99,
        101,
        103,
        105,
        107,
        109,
        111,
        113,
        115,
        117,
        119,
        121,
        123,
        125,
        127,
        129,
        131,
        133,
        135,
        137,
        139,
        141,
        143,
        145,
        147,
        149,
        151,
        153,
        155,
        157,
        159,
        161,
        163,
        165,
        167,
        169,
        171,
        173,
        175,
        177,
        179,
        181,
        183,
        185
      ],
      "name": "RootNode"
    },
    {
      "children": [
        4
      ],
      "matrix": [
        0.003154894128536978,
        0.9794724745117631,
        -0.20155326421777706,
        0.0,
        0.9996618669863839,
        -0.008291424271824388,
        -0.024645567082981254,
        0.0,
        -0.025810818203513997,
        -0.2014073582502584,
        -0.979167441097955,
        0.0,
        0.1351650059223175,
        -25.07819938659668,
        2.7562599182128906,
        1.0
      ],
      "name": "_20190207_180357_jpg"
    },
    {
      "name": "Object_4"
    },
    {
      "children": [
        6
      ],
      "matrix": [
        -0.5660744872775247,
        0.7879846471111236,
        -0.24215670705278014,
        0.0,
        0.8137960693731117,
        0.581033552998625,
        -0.011660521543554528,
        0.0,
        0.13151285992769457,
        -0.20366690012604466,
        -0.970167079150126,
        0.0,
        14.468400001525879,
        -19.434900283813477,
        2.7361600399017334,
        1.0
      ],
      "name": "_20190207_180402_jpg"
    },
    {
      "name": "Object_6"
    },
    {
      "children": [
        8
      ],
      "matrix": [
        -0.9014387003148534,
        -0.3733796769748131,
        -0.2190796348291006,
        0.0,
        -0.3815725211407902,
        0.9243237534193169,
        -0.005292445095318621,
        0.0,
        0.2044766018030646,
        0.07882395376413186,
        -0.9756926276384692,
        0.0,
        24.17289924621582,
        12.489299774169922,
        3.3583500385284424,
        1.0
      ],
      "name": "_20190207_180411_jpg"
    },
    {
      "name": "Object_8"
    },
    {
      "children": [
        10
      ],
      "matrix": [
        -0.5215822679561442,
        -0.798137083945912,
        -0.3015445787674537,
        0.0,
        -0.8315564548429063,
        0.5546452749366805,
        -0.029706588486589164,
        0.0,
        0.19096020570480735,
        0.23525691110088628,
        -0.9529891844173506,
        0.0,
        12.259499549865723,
        23.487499237060547,
        3.1695199012756348,
        1.0
      ],
      "name": "_20190207_180417_jpg"
    },
    {
      "name": "Object_10"
    },
    {
      "children": [
        12
      ],
      "matrix": [
        0.4306413852458266,
        -0.5762946472864386,
        -0.6945735935252324,
        0.0,
        -0.7448466433179125,
        -0.6615306012788145,
        0.08706745379146508,
        0.0,
        -0.5096581945300145,
        0.479855960763946,
        -0.7141335881105975,
        0.0,
        -16.674299240112305,
        23.698699951171875,
        19.764299392700195,
        1.0
      ],
      "name": "_20190207_180426_jpg"
    },
    {
      "name": "Object_12"
    },
    {
      "children": [
        14
      ],
      "matrix": [
        0.6248968296143285,
        0.35983378067961647,
        -0.6928373565417605,
        0.0,
        0.5243220665187048,
        -0.850957347454681,
        0.030950983416500266,
        0.0,
        -0.578437829761778,
        -0.38261108595374926,
        -0.7204293400506236,
        0.0,
        -22.97450065612793,
        -12.66100025177002,
        20.35650062561035,
        1.0
      ],
      "name": "_20190207_180432_jpg"
    },
    {
      "name": "Object_14"
    },
    {
      "children": [
        16
      ],
      "matrix": [
        -0.4299680325172781,
        0.5914860898246004,
        -0.6821082733387906,
        0.0,
        0.8264446057824768,
        0.5620143518865175,
        -0.03360330112688864,
        0.0,
        0.36347875396819007,
        -0.5781730483320566,
        -0.7304786934580298,
        0.0,
        13.171799659729004,
        -19.874300003051758,
        20.452299118041992,
        1.0
      ],
      "name": "_20190207_180438_jpg"
    },
    {
      "name": "Object_16"
    },
    {
      "children": [
        18
      ],
      "matrix": [
        -0.6834949451307548,
        -0.08544005895026702,
        -0.7249376913275245,
        0.0,
        -0.1026707128854435,
        0.9945059930332091,
        -0.02040966772452568,
        0.0,
        0.7226986818144205,
        0.060479964844612905,
        -0.6885120109018383,
        0.0,
        18.849199295043945,
        3.0047500133514404,
        20.472900390625,
        1.0
      ],
      "name": "_20190207_180442_jpg"
    },
    {
      "name": "Object_18"
    },
    {
      "children": [
        20
      ],
      "matrix": [
        -0.3527570786258356,
        -0.5709682787373584,
        -0.7413215686563182,
        0.0,
        -0.8566300306891477,
        0.5158276766655256,
        0.010334336328759408,
        0.0,
        0.37649360419650685,
        0.6386838284014589,
        -0.6710704384321962,
        0.0,
        9.92905044555664,
        18.090200424194336,
        20.195999145507813,
        1.0
      ],
      "name": "_20190207_180445_jpg"
    },
    {
      "name": "Object_20"
    },
    {
      "children": [
        22
      ],
      "matrix": [
        -0.01353002327528996,
        0.4692651438152105,
        -0.8829536586198962,
        0.0,
        0.999737349320539,
        0.022684406967257487,
        -0.003263442061199995,
        0.0,
        0.018497860517181164,
        -0.8827659046885725,
        -0.46944881156059326,
        0.0,
        0.9335470199584961,
        -11.373600006103516,
        20.324600219726563,
        1.0
      ],
      "name": "_20190207_180452_jpg"
    },
    {
      "name": "Object_22"
    },
    {
      "children": [
        24
      ],
      "matrix": [
        -0.3858293863896778,
        0.2562361545572543,
        -0.8862723721835606,
        0.0,
        0.5431398589085681,
        0.8396186245836361,
        0.006297532617136337,
        0.0,
        0.7457444456802513,
        -0.47894007803690236,
        -0.46312160755795073,
        0.0,
        8.159560203552246,
        -4.095369815826416,
        19.91010093688965,
        1.0
      ],
      "name": "_20190207_180455_jpg"
    },
    {
      "name": "Object_24"
    },
    {
      "children": [
        26
      ],
      "matrix": [
        -0.3873093760336943,
        -0.28864717704519577,
        -0.8755993686728136,
        0.0,
        -0.6116651457578783,
        0.7910562614895503,
        0.009784713750015273,
        0.0,
        0.6898240331427892,
        0.5393633268419495,
        -0.4829389246650144,
        0.0,
        8.734550476074219,
        7.723050117492676,
        19.649999618530273,
        1.0
      ],
      "name": "_20190207_180459_jpg"
    },
    {
      "name": "Object_26"
    },
    {
      "children": [
        28
      ],
      "matrix": [
        -0.1590169770130727,
        -0.45199646206975275,
        -0.8777316214527368,
        0.0,
        -0.9675923425284971,
        0.247992281499258,
        0.04759082891701172,
        0.0,
        0.19615978105065113,
        0.8568541454607191,
        -0.476783298475252,
        0.0,
        3.6400198936462402,
        13.992600440979004,
        19.58690071105957,
        1.0
      ],
      "name": "_20190207_180502_jpg"
    },
    {
      "name": "Object_28"
    },
    {
      "children": [
        30
      ],
      "matrix": [
        0.37900335736299096,
        -0.3373022903165266,
        -0.8617329168917748,
        0.0,
        -0.7336428567003141,
        -0.6770862415149592,
        -0.05764009337040116,
        0.0,
        -0.5640253663800797,
        0.6540499877672745,
        -0.504077374597834,
        0.0,
        -8.747309684753418,
        9.2091703414917,
        17.533700942993164,
        1.0
      ],
      "name": "_20190207_180508_jpg"
    },
    {
      "name": "Object_30"
    },
    {
      "children": [
        32
      ],
      "matrix": [
        0.4701473824293725,
        -0.08317735244440659,
        -0.8786597560120463,
        0.0,
        -0.22380178036530252,
        -0.9742459484149846,
        -0.027524445540442435,
        0.0,
        -0.8537412968224803,
        0.20958616375449707,
        -0.476654422052857,
        0.0,
        -10.146499633789063,
        2.8019299507141113,
        17.75550079345703,
        1.0
      ],
      "name": "_20190207_180510_jpg"
    },
    {
      "name": "Object_32"
    },
    {
      "children": [
        34
      ],
      "matrix": [
        0.3796754450883634,
        0.2933986247533065,
        -0.8773618429073728,
        0.0,
        0.5480709837118032,
        -0.8353676391614326,
        -0.04217942928763968,
        0.0,
        -0.7452950779457286,
        -0.4648420747250866,
        -0.47797185309926715,
        0.0,
        -9.762720108032227,
        -6.461060047149658,
        18.049100875854492,
        1.0
      ],
      "name": "_20190207_180513_jpg"
    },
    {
      "name": "Object_34"
    },
    {
      "children": [
        36
      ],
      "matrix": [
        0.22131253154107222,
        0.541154690522252,
        -0.8112782286667426,
        0.0,
        0.9261246323161116,
        -0.37721627369301425,
        0.0010238547279743382,
        0.0,
        -0.3054732865574811,
        -0.7515713431118316,
        -0.5846593772555506,
        0.0,
        -5.690199851989746,
        -13.754799842834473,
        19.087400436401367,
        1.0
      ],
      "name": "_20190207_180515_jpg"
    },
    {
      "name": "Object_36"
    },
    {
      "children": [
        38
      ],
      "matrix": [
        0.7031168642121818,
        -0.7019135474074277,
        -0.11377190877518478,
        0.0,
        0.07334084137363017,
        -0.08756088019295327,
        0.9934556926438356,
        0.0,
        -0.7072819778893256,
        -0.7068595788597307,
        -0.010086601370517645,
        0.0,
        -16.430500030517578,
        19.86709976196289,
        1.3813400268554688,
        1.0
      ],
      "name": "_20190207_180613_jpg"
    },
    {
      "name": "Object_38"
    },
    {
      "children": [
        40
      ],
      "matrix": [
        0.9719489405438203,
        -0.19301399242817613,
        -0.13439068309477853,
        0.0,
        0.13246964531055894,
        -0.02288469606557819,
        0.9909228445026792,
        0.0,
        -0.19433746434241633,
        -0.9809290949976568,
        0.003325739021329266,
        0.0,
        -24.235300064086914,
        6.9954400062561035,
        1.501960039138794,
        1.0
      ],
      "name": "_20190207_180619_jpg"
    },
    {
      "name": "Object_40"
    },
    {
      "children": [
        42
      ],
      "matrix": [
        0.8406715412427956,
        0.5121999717727163,
        -0.17584808403986432,
        0.0,
        0.1592479208935961,
        0.07654475994222631,
        0.9842667318448053,
        0.0,
        0.5176016416468648,
        -0.8554484722304527,
        -0.017217779271872402,
        0.0,
        -19.157499313354492,
        -13.01550006866455,
        1.6426500082015991,
        1.0
      ],
      "name": "_20190207_180626_jpg"
    },
    {
      "name": "Object_42"
    },
    {
      "children": [
        44
      ],
      "matrix": [
        0.0025736406610059603,
        0.9853449670457368,
        -0.17055401575859702,
        0.0,
        0.0003826972444743171,
        0.1705535976173701,
        0.9853483261682598,
        0.0,
        0.9999966149525543,
        -0.0026012030693457477,
        6.185486996379552e-05,
        0.0,
        1.3070900440216064,
        -23.476999282836914,
        0.8411419987678528,
        1.0
      ],
      "name": "_20190207_180632_jpg"
    },
    {
      "name": "Object_44"
    },
    {
      "children": [
        46
      ],
      "matrix": [
        -0.8905481320092696,
        0.42301654551670853,
        -0.16727530240268904,
        0.0,
        -0.14916896902687993,
        0.07582356939585722,
        0.9859003017564856,
        0.0,
        0.4297355503728524,
        0.9029439564796822,
        -0.004423596111716277,
        0.0,
        21.588300704956055,
        -11.475199699401855,
        2.251800060272217,
        1.0
      ],
      "name": "_20190207_180638_jpg"
    },
    {
      "name": "Object_46"
    },
    {
      "children": [
        48
      ],
      "matrix": [
        -0.944782311376684,
        -0.27125360973094226,
        -0.18386914726963952,
        0.0,
        -0.1761279228923746,
        -0.05283372130341735,
        0.9829483977660528,
        0.0,
        -0.276342792356429,
        0.9610567501980133,
        0.0021410304727045304,
        0.0,
        22.666900634765625,
        8.26768970489502,
        2.3737900257110596,
        1.0
      ],
      "name": "_20190207_180646_jpg"
    },
    {
      "name": "Object_48"
    },
    {
      "children": [
        50
      ],
      "matrix": [
        0.4332907391362947,
        0.4922310438217051,
        -0.7549620751249152,
        0.0,
        0.5041273589050841,
        0.562000753106678,
        0.6557520564290373,
        0.0,
        0.7470707740114776,
        -0.6647283302265079,
        -0.0046374143841823035,
        0.0,
        -9.407170295715332,
        -13.45479965209961,
        16.870800018310547,
        1.0
      ],
      "name": "_20190207_175449_jpg"
    },
    {
      "name": "Object_50"
    },
    {
      "children": [
        52
      ],
      "matrix": [
        0.6315888119214055,
        0.07990285744411396,
        -0.7711751461425433,
        0.0,
        0.764150872870006,
        0.10395033929539454,
        0.6366064486418437,
        0.0,
        0.13103059241152576,
        -0.9913676716196862,
        0.004596033033677949,
        0.0,
        -13.788000106811523,
        -2.6426799297332764,
        16.002399444580078,
        1.0
      ],
      "name": "_20190207_175455_jpg"
    },
    {
      "name": "Object_52"
    },
    {
      "children": [
        54
      ],
      "matrix": [
        0.2447550468672739,
        -0.6128706940547182,
        -0.7513218214599431,
        0.0,
        0.35168223821083056,
        -0.6660054249568124,
        0.657842213038291,
        0.0,
        -0.903556622664025,
        -0.4252367414711289,
        0.05252754841982532,
        0.0,
        -6.3130998611450195,
        19.54159927368164,
        17.46980094909668,
        1.0
      ],
      "name": "_20190207_175506_jpg"
    },
    {
      "name": "Object_54"
    },
    {
      "children": [
        56
      ],
      "matrix": [
        0.4388169548069285,
        -0.031836624500125255,
        -0.8980123103356724,
        0.0,
        0.8973265992413286,
        0.06821796357802112,
        0.4360633941748146,
        0.0,
        0.04737778454049979,
        -0.997162343244923,
        0.0585030490344578,
        0.0,
        -11.054300308227539,
        0.8763980269432068,
        17.913299560546875,
        1.0
      ],
      "name": "_20190207_175512_jpg"
    },
    {
      "name": "Object_56"
    },
    {
      "children": [
        58
      ],
      "matrix": [
        0.16943333272865368,
        0.4617861290408961,
        -0.8706583237906167,
        0.0,
        0.21552236245815404,
        0.844687143725263,
        0.4899527941605325,
        0.0,
        0.9616872969114845,
        -0.2706606736315452,
        0.043592920393118684,
        0.0,
        -4.518939971923828,
        -12.046099662780762,
        19.398300170898438,
        1.0
      ],
      "name": "_20190207_175520_jpg"
    },
    {
      "name": "Object_58"
    },
    {
      "children": [
        60
      ],
      "matrix": [
        -0.3115738271350774,
        0.37183585771294464,
        -0.8744483090287727,
        0.0,
        -0.5927901784711591,
        0.643164633161619,
        0.4847051257808313,
        0.0,
        0.7426449720778647,
        0.669385800244492,
        0.020027378223539283,
        0.0,
        8.172039985656738,
        -9.600029945373535,
        18.942899703979492,
        1.0
      ],
      "name": "_20190207_175527_jpg"
    },
    {
      "name": "Object_60"
    },
    {
      "children": [
        62
      ],
      "matrix": [
        -0.4552256234332164,
        -0.1148398419242544,
        -0.8829390932995616,
        0.0,
        -0.8517205165145822,
        -0.23285332221516541,
        0.46941611825915586,
        0.0,
        -0.2595029740060273,
        0.965707585680144,
        0.008189349293715287,
        0.0,
        10.834199905395508,
        4.415289878845215,
        18.044099807739258,
        1.0
      ],
      "name": "_20190207_175532_jpg"
    },
    {
      "name": "Object_62"
    },
    {
      "children": [
        64
      ],
      "matrix": [
        -0.1143858038797978,
        -0.5313054682821284,
        -0.8394226511384362,
        0.0,
        -0.0722440882128573,
        -0.8382826996512684,
        0.5404284477927436,
        0.0,
        -0.9908060756722605,
        0.12246066649700002,
        0.057503961359589795,
        0.0,
        1.8287099599838257,
        12.412500381469727,
        16.358600616455078,
        1.0
      ],
      "name": "_20190207_175538_jpg"
    },
    {
      "name": "Object_64"
    },
    {
      "children": [
        66
      ],
      "matrix": [
        -0.23566497306961387,
        -0.01042623705935286,
        -0.9717784284747633,
        0.0,
        -0.9674932587584628,
        -0.09189086048355888,
        0.23561168056045373,
        0.0,
        -0.09175409922738226,
        0.9957144989103921,
        0.011568143092060001,
        0.0,
        4.872459888458252,
        0.9822319746017456,
        18.618000030517578,
        1.0
      ],
      "name": "_20190207_175547_jpg"
    },
    {
      "name": "Object_66"
    },
    {
      "children": [
        68
      ],
      "matrix": [
        0.8956321674680906,
        0.2501681620556248,
        -0.3677756262860833,
        0.0,
        0.36062508783169506,
        0.07559826608177433,
        0.9296421075832415,
        0.0,
        0.26037005707798355,
        -0.965246493316158,
        -0.022508676506354464,
        0.0,
        -19.93269920349121,
        -5.515069961547852,
        3.7013800144195557,
        1.0
      ],
      "name": "_20190207_175601_jpg"
    },
    {
      "name": "Object_68"
    },
    {
      "children": [
        70
      ],
      "matrix": [
        0.7185162688474872,
        -0.6363695590563838,
        -0.2806566509239877,
        0.0,
        0.21973766269397768,
        -0.17515434008789188,
        0.9597063700643874,
        0.0,
        -0.6598861500253458,
        -0.7512354767013861,
        0.013983116604251111,
        0.0,
        -11.787599563598633,
        16.1033992767334,
        1.1065399646759033,
        1.0
      ],
      "name": "_20190207_175608_jpg"
    },
    {
      "name": "Object_70"
    },
    {
      "children": [
        72
      ],
      "matrix": [
        0.35722806158598397,
        0.8752337030214439,
        -0.32611972818413115,
        0.0,
        0.13648780677373168,
        0.2964937839576971,
        0.9452314609007378,
        0.0,
        0.9239909039690904,
        -0.38217456897315605,
        -0.013542828824346875,
        0.0,
        -7.375380039215088,
        -15.605500221252441,
        1.0944299697875977,
        1.0
      ],
      "name": "_20190207_175617_jpg"
    },
    {
      "name": "Object_72"
    },
    {
      "children": [
        74
      ],
      "matrix": [
        -0.7234808057365671,
        0.6075251976572815,
        -0.32785462928293196,
        0.0,
        -0.24156735346577995,
        0.22209862834649208,
        0.9446255411675812,
        0.0,
        0.6466998820707381,
        0.7626174227606446,
        -0.013925840427262193,
        0.0,
        12.307299613952637,
        -10.883399963378906,
        0.7606430053710938,
        1.0
      ],
      "name": "_20190207_175623_jpg"
    },
    {
      "name": "Object_74"
    },
    {
      "children": [
        76
      ],
      "matrix": [
        -0.8292092233826232,
        -0.5036201055162188,
        -0.24244350512442925,
        0.0,
        -0.25708145538984084,
        -0.04150823306692142,
        0.9654978984349492,
        0.0,
        -0.4963075550017628,
        0.8629274916860017,
        -0.09505237998428795,
        0.0,
        15.66349983215332,
        8.908820152282715,
        -1.3605999946594238,
        1.0
      ],
      "name": "_20190207_175629_jpg"
    },
    {
      "name": "Object_76"
    },
    {
      "children": [
        78
      ],
      "matrix": [
        -0.18179832718233668,
        -0.956850133164384,
        -0.22668742994926877,
        0.0,
        -0.06793756637594617,
        -0.2177562183981938,
        0.9736358233055273,
        0.0,
        -0.9809861646876668,
        0.19240595628051316,
        -0.025418353195345134,
        0.0,
        4.156650066375732,
        18.667299270629883,
        -0.6801109910011292,
        1.0
      ],
      "name": "_20190207_175634_jpg"
    },
    {
      "name": "Object_78"
    },
    {
      "children": [
        80
      ],
      "matrix": [
        0.8367941425429823,
        -0.5311777197009693,
        -0.13276216742368058,
        0.0,
        0.09826922889880646,
        -0.09283582551915681,
        0.9908201997092161,
        0.0,
        -0.5386266997256903,
        -0.8421589752495993,
        -0.025486050089332135,
        0.0,
        -15.348400115966797,
        14.183099746704102,
        -0.9977409839630127,
        1.0
      ],
      "name": "_20190207_175649_jpg"
    },
    {
      "name": "Object_80"
    },
    {
      "children": [
        82
      ],
      "matrix": [
        0.2667208758588825,
        -0.709645968003453,
        -0.6521215948559846,
        0.0,
        0.2162333866549232,
        -0.6153206805358729,
        0.7580393014881308,
        0.0,
        -0.9392034374281288,
        -0.3431953673948891,
        -0.010669719859213833,
        0.0,
        -7.794950008392334,
        21.082300186157227,
        14.876299858093262,
        1.0
      ],
      "name": "_20190207_175658_jpg"
    },
    {
      "name": "Object_82"
    },
    {
      "children": [
        84
      ],
      "matrix": [
        0.6626813512523235,
        0.09650977235998909,
        -0.7426569130772417,
        0.0,
        0.7392854893287149,
        0.07410125468597939,
        0.6693025992194908,
        0.0,
        0.11962605055086195,
        -0.992569830235126,
        -0.02224275469935999,
        0.0,
        -14.669599533081055,
        -2.531130075454712,
        14.649299621582031,
        1.0
      ],
      "name": "_20190207_175703_jpg"
    },
    {
      "name": "Object_84"
    },
    {
      "children": [
        86
      ],
      "matrix": [
        0.3502924127590783,
        0.5890267282024637,
        -0.7282463450141886,
        0.0,
        0.39644069505355806,
        0.6111911275917404,
        0.6850402768148662,
        0.0,
        0.8486047377129563,
        -0.5286708985902646,
        -0.01941855079265542,
        0.0,
        -9.121800422668457,
        -13.556099891662598,
        15.679900169372559,
        1.0
      ],
      "name": "_20190207_175706_jpg"
    },
    {
      "name": "Object_86"
    },
    {
      "children": [
        88
      ],
      "matrix": [
        -0.23461923149924635,
        0.6554834265878529,
        -0.7178407160919129,
        0.0,
        -0.21673471124518237,
        0.6845915186273054,
        0.6959601407875506,
        0.0,
        0.9476180038138633,
        0.31886663370789786,
        -0.018552324803719378,
        0.0,
        3.2441699504852295,
        -15.325300216674805,
        16.03339958190918,
        1.0
      ],
      "name": "_20190207_175708_jpg"
    },
    {
      "name": "Object_88"
    },
    {
      "children": [
        90
      ],
      "matrix": [
        -0.5967348400702812,
        0.3396629865997717,
        -0.7270052174368623,
        0.0,
        -0.6422620885087916,
        0.34095723900255137,
        0.6864747415863762,
        0.0,
        0.4810477526302572,
        0.8765712844406212,
        0.014691595675710878,
        0.0,
        14.023200035095215,
        -6.81988000869751,
        16.590999603271484,
        1.0
      ],
      "name": "_20190207_175714_jpg"
    },
    {
      "name": "Object_90"
    },
    {
      "children": [
        92
      ],
      "matrix": [
        -0.578640934597308,
        -0.37148630283610423,
        -0.726066522856905,
        0.0,
        -0.6366336214331596,
        -0.3507091447775068,
        0.6868047232149256,
        0.0,
        -0.5097767166802096,
        0.8596516867747032,
        -0.03356600298148549,
        0.0,
        14.599900245666504,
        10.307499885559082,
        16.987499237060547,
        1.0
      ],
      "name": "_20190207_175717_jpg"
    },
    {
      "name": "Object_92"
    },
    {
      "children": [
        94
      ],
      "matrix": [
        -0.24165714719124454,
        -0.6405892285819625,
        -0.7288671095859349,
        0.0,
        -0.29229031725670895,
        -0.6681897035928452,
        0.6841702203768285,
        0.0,
        -0.9252935716027435,
        0.3783754223483229,
        -0.02576521130064191,
        0.0,
        6.8639397621154785,
        16.563899993896484,
        17.048500061035156,
        1.0
      ],
      "name": "_20190207_175721_jpg"
    },
    {
      "name": "Object_94"
    },
    {
      "children": [
        96
      ],
      "matrix": [
        -0.1661236069213361,
        0.915133113695141,
        -0.36733408695910813,
        0.0,
        -0.05702323060968961,
        0.3629717965428152,
        0.9300536683897953,
        0.0,
        0.9844548229321037,
        0.1754504463748019,
        -0.00811433747160839,
        0.0,
        3.9062399864196777,
        -23.914400100708008,
        5.311160087585449,
        1.0
      ],
      "name": "_20190207_175839_jpg"
    },
    {
      "name": "Object_96"
    },
    {
      "children": [
        98
      ],
      "matrix": [
        -0.6247948102379919,
        0.6887510846566951,
        -0.36776811781868457,
        0.0,
        -0.23387323726944168,
        0.2843074233897308,
        0.9297701855268343,
        0.0,
        0.7449394297449848,
        0.6669267069099261,
        -0.016553356804538844,
        0.0,
        16.198400497436523,
        -18.607200622558594,
        5.554450035095215,
        1.0
      ],
      "name": "_20190207_175846_jpg"
    },
    {
      "name": "Object_98"
    },
    {
      "children": [
        100
      ],
      "matrix": [
        -0.9300564427794198,
        0.12295261938738898,
        -0.34623354347935686,
        0.0,
        -0.340482756202,
        0.06573036415673017,
        0.9379504315031328,
        0.0,
        0.13808151930501514,
        0.9902333930006619,
        -0.01926970193893074,
        0.0,
        25.073200225830078,
        -3.959559917449951,
        5.866580009460449,
        1.0
      ],
      "name": "_20190207_175854_jpg"
    },
    {
      "name": "Object_100"
    },
    {
      "children": [
        102
      ],
      "matrix": [
        -0.7391641749033564,
        -0.5915341017886713,
        -0.322061685024019,
        0.0,
        -0.25656818932811076,
        -0.19482487128018855,
        0.9466868720731015,
        0.0,
        -0.622743194875974,
        0.7823878040663262,
        -0.007761268191276649,
        0.0,
        18.18400001525879,
        15.248000144958496,
        4.933060169219971,
        1.0
      ],
      "name": "_20190207_175903_jpg"
    },
    {
      "name": "Object_102"
    },
    {
      "children": [
        104
      ],
      "matrix": [
        0.9659702165712141,
        -0.038960976585466545,
        -0.2557021372630048,
        0.0,
        -0.044963766311107684,
        -0.9988323392958705,
        -0.017669682958643955,
        0.0,
        -0.2547151358213365,
        0.028565718619450516,
        -0.966594123354406,
        0.0,
        -18.17060089111328,
        2.9384899139404297,
        3.7397000789642334,
        1.0
      ],
      "name": "_20190207_175926_jpg"
    },
    {
      "name": "Object_104"
    },
    {
      "children": [
        106
      ],
      "matrix": [
        0.31850449283116633,
        0.9236564765690666,
        -0.2131046722584436,
        0.0,
        0.9464650182937658,
        -0.3223315996656586,
        0.017501685723341515,
        0.0,
        -0.0525248245360493,
        -0.20727048306257814,
        -0.976872606668066,
        0.0,
        -4.185800075531006,
        -14.181599617004395,
        2.204390048980713,
        1.0
      ],
      "name": "_20190207_175932_jpg"
    },
    {
      "name": "Object_106"
    },
    {
      "children": [
        108
      ],
      "matrix": [
        -0.6809546397439057,
        0.6836577085950845,
        -0.262512697006766,
        0.0,
        0.7125974943139631,
        0.7012187243480881,
        -0.022296002356951908,
        0.0,
        0.16883598463807628,
        -0.20224845636532957,
        -0.9646709139334164,
        0.0,
        11.777099609375,
        -11.414400100708008,
        2.4713900089263916,
        1.0
      ],
      "name": "_20190207_175941_jpg"
    },
    {
      "name": "Object_108"
    },
    {
      "children": [
        110
      ],
      "matrix": [
        -0.8517011384693505,
        -0.4648060106671663,
        -0.2419928576997391,
        0.0,
        -0.47663130821769095,
        0.8790359171198642,
        -0.01088358580302623,
        0.0,
        0.21777916970340538,
        0.10607180992569788,
        -0.9702169882981755,
        0.0,
        16.75860023498535,
        6.874129772186279,
        2.8384199142456055,
        1.0
      ],
      "name": "_20190207_175947_jpg"
    },
    {
      "name": "Object_110"
    },
    {
      "children": [
        112
      ],
      "matrix": [
        -0.3401501725537688,
        -0.8883402258664213,
        -0.3084631310533504,
        0.0,
        -0.9298138438758403,
        0.36673645715116,
        -0.030831586612590306,
        0.0,
        0.14051361445950827,
        0.2763259200723138,
        -0.9507365092641142,
        0.0,
        7.163050174713135,
        19.43239974975586,
        2.3734400272369385,
        1.0
      ],
      "name": "_20190207_175953_jpg"
    },
    {
      "name": "Object_112"
    },
    {
      "children": [
        114
      ],
      "matrix": [
        0.6133177068501483,
        -0.7167911119521434,
        -0.33174070038282205,
        0.0,
        -0.7535348295618828,
        -0.6568854802158668,
        0.0262054673439394,
        0.0,
        -0.236699495354806,
        0.23390589498338804,
        -0.9430065647654846,
        0.0,
        -12.12279987335205,
        17.354299545288086,
        2.6661500930786133,
        1.0
      ],
      "name": "_20190207_180003_jpg"
    },
    {
      "name": "Object_114"
    },
    {
      "children": [
        116
      ],
      "matrix": [
        0.313456845873607,
        -0.896784880199072,
        -0.3122846208530061,
        0.0,
        -0.9485505532686519,
        -0.3111688032022393,
        -0.05853053739220618,
        0.0,
        -0.04468393076603802,
        0.3145645475256583,
        -0.9481837858618305,
        0.0,
        -5.501880168914795,
        23.795000076293945,
        2.111609935760498,
        1.0
      ],
      "name": "_20190207_180008_jpg"
    },
    {
      "name": "Object_116"
    },
    {
      "children": [
        118
      ],
      "matrix": [
        0.9609143616363561,
        0.17819241913854436,
        -0.21187508433637844,
        0.0,
        0.1738151515756737,
        -0.9839952480019631,
        -0.03926378728906697,
        0.0,
        -0.21548058539859158,
        0.0009020371992631941,
        -0.9765077079292164,
        0.0,
        -21.60930061340332,
        -3.10548996925354,
        2.915299892425537,
        1.0
      ],
      "name": "_20190207_180019_jpg"
    },
    {
      "name": "Object_118"
    },
    {
      "children": [
        120
      ],
      "matrix": [
        0.6594761036929795,
        0.07117985164728058,
        -0.7483479788022399,
        0.0,
        0.7477586498299479,
        0.04002099366724354,
